<TICKER>;<PER>;<DATE>;<TIME>;<OPEN>;<HIGH>;<LOW>;<CLOSE>;<VOL>;<OPENINT>
ГАЗПРОМ ао;1;01.09.2021;09:59:00;306,6;306,6;306,6;306,6;11330;0
ГАЗПРОМ ао;1;01.09.2021;10:00:00;306,6;307,23;306,52;306,85;79199;0
ГАЗПРОМ ао;1;01.09.2021;10:01:00;306,67;307;306,19;306,3;26944;0
ГАЗПРОМ ао;1;01.09.2021;10:02:00;306,25;306,5;306,21;306,46;33379;0
ГАЗПРОМ ао;1;01.09.2021;10:03:00;306,46;306,7;306,3;306,49;18423;0
ГАЗПРОМ ао;1;01.09.2021;10:04:00;306,49;306,6;306,4;306,57;6862;0
ГАЗПРОМ ао;1;01.09.2021;10:05:00;306,56;306,78;306,51;306,78;8387;0
ГАЗПРОМ ао;1;01.09.2021;10:06:00;306,77;306,87;306,32;306,54;17470;0
ГАЗПРОМ ао;1;01.09.2021;10:07:00;306,54;306,66;306,33;306,54;8618;0
ГАЗПРОМ ао;1;01.09.2021;10:08:00;306,54;306,63;306,5;306,63;6189;0
ГАЗПРОМ ао;1;01.09.2021;10:09:00;306,63;307;306,6;307;42269;0
ГАЗПРОМ ао;1;01.09.2021;10:10:00;307;307,23;306,93;307,08;26378;0
ГАЗПРОМ ао;1;01.09.2021;10:11:00;307,09;307,1;307,05;307,05;29820;0
ГАЗПРОМ ао;1;01.09.2021;10:12:00;307,05;307,1;306,92;306,93;12648;0
ГАЗПРОМ ао;1;01.09.2021;10:13:00;306,93;307,1;306,93;307,03;12790;0
ГАЗПРОМ ао;1;01.09.2021;10:14:00;307,01;307,3;306,91;307,3;37622;0
ГАЗПРОМ ао;1;01.09.2021;10:15:00;307,3;307,61;307,2;307,6;29720;0
ГАЗПРОМ ао;1;01.09.2021;10:16:00;307,59;307,99;307,57;307,65;26770;0
ГАЗПРОМ ао;1;01.09.2021;10:17:00;307,62;307,75;307,5;307,72;14525;0
ГАЗПРОМ ао;1;01.09.2021;10:18:00;307,73;307,8;307,6;307,79;18759;0
ГАЗПРОМ ао;1;01.09.2021;10:19:00;307,79;308,3;307,79;308,22;35908;0
ГАЗПРОМ ао;1;01.09.2021;10:20:00;308,25;308,46;308,21;308,34;31911;0
ГАЗПРОМ ао;1;01.09.2021;10:21:00;308,33;308,47;308,23;308,34;21358;0
ГАЗПРОМ ао;1;01.09.2021;10:22:00;308,34;308,58;308,23;308,51;42525;0
ГАЗПРОМ ао;1;01.09.2021;10:23:00;308,54;308,57;308,06;308,28;114226;0
ГАЗПРОМ ао;1;01.09.2021;10:24:00;308,26;308,44;308,17;308,3;18531;0
ГАЗПРОМ ао;1;01.09.2021;10:25:00;308,34;308,44;308,27;308,44;8006;0
ГАЗПРОМ ао;1;01.09.2021;10:26:00;308,41;308,45;307,86;308,3;249306;0
ГАЗПРОМ ао;1;01.09.2021;10:27:00;308,28;308,43;308,18;308,2;13874;0
ГАЗПРОМ ао;1;01.09.2021;10:28:00;308,25;308,41;308,19;308,27;11869;0
ГАЗПРОМ ао;1;01.09.2021;10:29:00;308,27;308,3;307,93;308,14;13106;0
ГАЗПРОМ ао;1;01.09.2021;10:30:00;308,12;308,25;308,04;308,06;6605;0
ГАЗПРОМ ао;1;01.09.2021;10:31:00;308,06;308,21;307,97;308,1;9026;0
ГАЗПРОМ ао;1;01.09.2021;10:32:00;308,14;308,16;308;308,16;2991;0
ГАЗПРОМ ао;1;01.09.2021;10:33:00;308,17;308,2;308,08;308,08;4434;0
ГАЗПРОМ ао;1;01.09.2021;10:34:00;308,08;308,19;307,86;307,86;8453;0
ГАЗПРОМ ао;1;01.09.2021;10:35:00;307,86;307,94;307,5;307,72;8787;0
ГАЗПРОМ ао;1;01.09.2021;10:36:00;307,72;308,19;307,63;308,18;28102;0
ГАЗПРОМ ао;1;01.09.2021;10:37:00;308,18;308,2;308,1;308,2;3452;0
ГАЗПРОМ ао;1;01.09.2021;10:38:00;308,19;308,28;308,11;308,22;19476;0
ГАЗПРОМ ао;1;01.09.2021;10:39:00;308,2;308,35;308,11;308,32;8887;0
ГАЗПРОМ ао;1;01.09.2021;10:40:00;308,3;308,35;308,2;308,35;7919;0
ГАЗПРОМ ао;1;01.09.2021;10:41:00;308,33;308,33;308,13;308,28;7816;0
ГАЗПРОМ ао;1;01.09.2021;10:42:00;308,23;308,3;307,9;308;8618;0
ГАЗПРОМ ао;1;01.09.2021;10:43:00;308;308;307,9;307,97;1827;0
ГАЗПРОМ ао;1;01.09.2021;10:44:00;307,94;308,03;307,9;308,03;9014;0
ГАЗПРОМ ао;1;01.09.2021;10:45:00;308,03;308,05;307,92;307,92;2328;0
ГАЗПРОМ ао;1;01.09.2021;10:46:00;307,92;307,96;307,69;307,69;10227;0
ГАЗПРОМ ао;1;01.09.2021;10:47:00;307,71;308,05;307,6;307,93;16811;0
ГАЗПРОМ ао;1;01.09.2021;10:48:00;307,92;308;307,75;307,82;4667;0
ГАЗПРОМ ао;1;01.09.2021;10:49:00;307,88;308,05;307,88;307,99;2426;0
ГАЗПРОМ ао;1;01.09.2021;10:50:00;307,99;308,15;307,95;308,1;3099;0
ГАЗПРОМ ао;1;01.09.2021;10:51:00;308,1;308,27;308,1;308,23;3201;0
ГАЗПРОМ ао;1;01.09.2021;10:52:00;308,2;308,3;308,2;308,27;3184;0
ГАЗПРОМ ао;1;01.09.2021;10:53:00;308,24;308,3;308,24;308,29;1966;0
ГАЗПРОМ ао;1;01.09.2021;10:54:00;308,29;308,3;308,2;308,28;5200;0
ГАЗПРОМ ао;1;01.09.2021;10:55:00;308,2;308,29;308,2;308,2;1387;0
ГАЗПРОМ ао;1;01.09.2021;10:56:00;308,23;308,35;308,2;308,35;4826;0
ГАЗПРОМ ао;1;01.09.2021;10:57:00;308,35;308,35;308,18;308,3;3041;0
ГАЗПРОМ ао;1;01.09.2021;10:58:00;308,3;308,4;308,3;308,32;7994;0
ГАЗПРОМ ао;1;01.09.2021;10:59:00;308,35;308,5;308,27;308,27;40002;0
ГАЗПРОМ ао;1;01.09.2021;11:00:00;308,36;308,5;308,11;308,37;34720;0
ГАЗПРОМ ао;1;01.09.2021;11:01:00;308,37;308,45;308,28;308,42;4751;0
ГАЗПРОМ ао;1;01.09.2021;11:02:00;308,42;308,5;308,3;308,5;53043;0
ГАЗПРОМ ао;1;01.09.2021;11:03:00;308,49;308,5;308,31;308,39;6255;0
ГАЗПРОМ ао;1;01.09.2021;11:04:00;308,39;308,5;308,23;308,28;6586;0
ГАЗПРОМ ао;1;01.09.2021;11:05:00;308,29;308,46;308,22;308,3;6298;0
ГАЗПРОМ ао;1;01.09.2021;11:06:00;308,37;308,4;308,25;308,38;4005;0
ГАЗПРОМ ао;1;01.09.2021;11:07:00;308,38;308,39;308,25;308,36;3271;0
ГАЗПРОМ ао;1;01.09.2021;11:08:00;308,36;308,36;308,2;308,36;2436;0
ГАЗПРОМ ао;1;01.09.2021;11:09:00;308,36;308,39;308,2;308,37;2500;0
ГАЗПРОМ ао;1;01.09.2021;11:10:00;308,37;308,45;308,3;308,44;9844;0
ГАЗПРОМ ао;1;01.09.2021;11:11:00;308,42;308,68;308,33;308,63;41386;0
ГАЗПРОМ ао;1;01.09.2021;11:12:00;308,62;308,68;308,51;308,68;3014;0
ГАЗПРОМ ао;1;01.09.2021;11:13:00;308,65;308,7;308,57;308,65;9178;0
ГАЗПРОМ ао;1;01.09.2021;11:14:00;308,65;308,65;308,55;308,64;6484;0
ГАЗПРОМ ао;1;01.09.2021;11:15:00;308,58;308,65;308,39;308,5;7641;0
ГАЗПРОМ ао;1;01.09.2021;11:16:00;308,44;308,57;308,17;308,4;7093;0
ГАЗПРОМ ао;1;01.09.2021;11:17:00;308,4;308,43;308,23;308,35;3097;0
ГАЗПРОМ ао;1;01.09.2021;11:18:00;308,35;308,52;308,24;308,39;13998;0
ГАЗПРОМ ао;1;01.09.2021;11:19:00;308,34;308,4;308,19;308,4;5623;0
ГАЗПРОМ ао;1;01.09.2021;11:20:00;308,4;308,44;308,35;308,44;913;0
ГАЗПРОМ ао;1;01.09.2021;11:21:00;308,44;308,47;308,34;308,44;4842;0
ГАЗПРОМ ао;1;01.09.2021;11:22:00;308,4;308,51;308,33;308,46;3080;0
ГАЗПРОМ ао;1;01.09.2021;11:23:00;308,47;308,6;308,47;308,56;2369;0
ГАЗПРОМ ао;1;01.09.2021;11:24:00;308,57;308,59;308,51;308,56;1527;0
ГАЗПРОМ ао;1;01.09.2021;11:25:00;308,58;308,58;308,34;308,56;2709;0
ГАЗПРОМ ао;1;01.09.2021;11:26:00;308,56;308,58;308,36;308,47;4048;0
ГАЗПРОМ ао;1;01.09.2021;11:27:00;308,47;308,55;308,38;308,43;2411;0
ГАЗПРОМ ао;1;01.09.2021;11:28:00;308,43;308,51;308,32;308,33;1721;0
ГАЗПРОМ ао;1;01.09.2021;11:29:00;308,33;308,48;308,3;308,4;2021;0
ГАЗПРОМ ао;1;01.09.2021;11:30:00;308,46;308,49;308,35;308,48;8535;0
ГАЗПРОМ ао;1;01.09.2021;11:31:00;308,48;308,49;308,35;308,47;2903;0
ГАЗПРОМ ао;1;01.09.2021;11:32:00;308,47;308,52;308,37;308,45;3524;0
ГАЗПРОМ ао;1;01.09.2021;11:33:00;308,45;308,54;308,41;308,54;1587;0
ГАЗПРОМ ао;1;01.09.2021;11:34:00;308,52;308,7;308,41;308,68;13111;0
ГАЗПРОМ ао;1;01.09.2021;11:35:00;308,68;308,7;308,6;308,7;5705;0
ГАЗПРОМ ао;1;01.09.2021;11:36:00;308,67;308,7;308,67;308,69;7339;0
ГАЗПРОМ ао;1;01.09.2021;11:37:00;308,69;308,7;308,64;308,68;3879;0
ГАЗПРОМ ао;1;01.09.2021;11:38:00;308,64;308,8;308,6;308,75;8929;0
ГАЗПРОМ ао;1;01.09.2021;11:39:00;308,8;308,8;308,76;308,78;3992;0
ГАЗПРОМ ао;1;01.09.2021;11:40:00;308,78;308,78;308,6;308,65;11965;0
ГАЗПРОМ ао;1;01.09.2021;11:41:00;308,65;308,77;308,6;308,65;2825;0
ГАЗПРОМ ао;1;01.09.2021;11:42:00;308,65;308,72;308,6;308,7;3968;0
ГАЗПРОМ ао;1;01.09.2021;11:43:00;308,72;308,77;308,7;308,71;2884;0
ГАЗПРОМ ао;1;01.09.2021;11:44:00;308,71;308,99;308,7;308,88;29947;0
ГАЗПРОМ ао;1;01.09.2021;11:45:00;308,88;308,98;308,8;308,92;8929;0
ГАЗПРОМ ао;1;01.09.2021;11:46:00;308,9;309,31;308,84;309,31;52232;0
ГАЗПРОМ ао;1;01.09.2021;11:47:00;309,3;309,4;309,15;309,3;33263;0
ГАЗПРОМ ао;1;01.09.2021;11:48:00;309,3;309,5;309,17;309,29;48522;0
ГАЗПРОМ ао;1;01.09.2021;11:49:00;309,32;309,48;309,21;309,47;6440;0
ГАЗПРОМ ао;1;01.09.2021;11:50:00;309,47;309,47;309,18;309,3;24971;0
ГАЗПРОМ ао;1;01.09.2021;11:51:00;309,23;309,36;309,14;309,17;5332;0
ГАЗПРОМ ао;1;01.09.2021;11:52:00;309,16;309,47;309,16;309,42;10055;0
ГАЗПРОМ ао;1;01.09.2021;11:53:00;309,41;309,66;309,39;309,53;18871;0
ГАЗПРОМ ао;1;01.09.2021;11:54:00;309,55;309,73;309,53;309,65;8261;0
ГАЗПРОМ ао;1;01.09.2021;11:55:00;309,65;309,78;309,55;309,7;18201;0
ГАЗПРОМ ао;1;01.09.2021;11:56:00;309,66;309,66;309,51;309,57;17898;0
ГАЗПРОМ ао;1;01.09.2021;11:57:00;309,57;309,58;309,19;309,3;67682;0
ГАЗПРОМ ао;1;01.09.2021;11:58:00;309,3;309,55;309,27;309,49;6896;0
ГАЗПРОМ ао;1;01.09.2021;11:59:00;309,49;309,5;309,3;309,33;6378;0
ГАЗПРОМ ао;1;01.09.2021;12:00:00;309,33;309,33;309,11;309,12;7663;0
ГАЗПРОМ ао;1;01.09.2021;12:01:00;309,11;309,17;309,03;309,04;9171;0
ГАЗПРОМ ао;1;01.09.2021;12:02:00;309,07;309,12;308,94;309,08;16958;0
ГАЗПРОМ ао;1;01.09.2021;12:03:00;309,09;309,12;308,85;309,01;13731;0
ГАЗПРОМ ао;1;01.09.2021;12:04:00;308,97;309,06;308,86;308,99;6063;0
ГАЗПРОМ ао;1;01.09.2021;12:05:00;308,99;309,08;308,96;309;5645;0
ГАЗПРОМ ао;1;01.09.2021;12:06:00;309;309,1;309;309,02;2279;0
ГАЗПРОМ ао;1;01.09.2021;12:07:00;309,05;309,06;308,55;308,78;49660;0
ГАЗПРОМ ао;1;01.09.2021;12:08:00;308,77;308,84;308,76;308,84;4594;0
ГАЗПРОМ ао;1;01.09.2021;12:09:00;308,78;308,86;308,76;308,82;2381;0
ГАЗПРОМ ао;1;01.09.2021;12:10:00;308,82;308,82;308,58;308,65;25357;0
ГАЗПРОМ ао;1;01.09.2021;12:11:00;308,61;308,79;308,55;308,71;14109;0
ГАЗПРОМ ао;1;01.09.2021;12:12:00;308,7;308,82;308,7;308,82;2550;0
ГАЗПРОМ ао;1;01.09.2021;12:13:00;308,82;308,82;308,71;308,72;4301;0
ГАЗПРОМ ао;1;01.09.2021;12:14:00;308,72;308,95;308,71;308,87;5512;0
ГАЗПРОМ ао;1;01.09.2021;12:15:00;308,87;308,93;308,82;308,85;2748;0
ГАЗПРОМ ао;1;01.09.2021;12:16:00;308,86;308,87;308,8;308,8;3001;0
ГАЗПРОМ ао;1;01.09.2021;12:17:00;308,84;308,84;308,65;308,76;6549;0
ГАЗПРОМ ао;1;01.09.2021;12:18:00;308,76;308,88;308,72;308,85;6795;0
ГАЗПРОМ ао;1;01.09.2021;12:19:00;308,87;309;308,72;308,91;31855;0
ГАЗПРОМ ао;1;01.09.2021;12:20:00;308,9;308,98;308,83;308,98;4397;0
ГАЗПРОМ ао;1;01.09.2021;12:21:00;308,98;309;308,85;308,94;10775;0
ГАЗПРОМ ао;1;01.09.2021;12:22:00;308,94;309;308,62;308,74;63180;0
ГАЗПРОМ ао;1;01.09.2021;12:23:00;308,84;308,95;308,68;308,85;7917;0
ГАЗПРОМ ао;1;01.09.2021;12:24:00;308,9;309;308,73;308,95;27385;0
ГАЗПРОМ ао;1;01.09.2021;12:25:00;308,88;308,93;308,85;308,93;2126;0
ГАЗПРОМ ао;1;01.09.2021;12:26:00;308,92;309;308,88;308,88;10738;0
ГАЗПРОМ ао;1;01.09.2021;12:27:00;308,88;309;308,75;308,77;50426;0
ГАЗПРОМ ао;1;01.09.2021;12:28:00;308,77;308,94;308,72;308,88;7108;0
ГАЗПРОМ ао;1;01.09.2021;12:29:00;308,95;308,95;308,84;308,85;681;0
ГАЗПРОМ ао;1;01.09.2021;12:30:00;308,89;308,95;308,86;308,95;749;0
ГАЗПРОМ ао;1;01.09.2021;12:31:00;308,94;309;308,82;308,93;7532;0
ГАЗПРОМ ао;1;01.09.2021;12:32:00;308,93;309;308,82;308,96;26716;0
ГАЗПРОМ ао;1;01.09.2021;12:33:00;308,96;308,98;308,9;308,91;929;0
ГАЗПРОМ ао;1;01.09.2021;12:34:00;308,98;308,99;308,93;308,98;411;0
ГАЗПРОМ ао;1;01.09.2021;12:35:00;308,98;308,98;308,78;308,89;4140;0
ГАЗПРОМ ао;1;01.09.2021;12:36:00;308,9;308,99;308,8;308,9;4468;0
Сбербанк;1;01.09.2021;09:59:00;328,87;328,87;328,87;328,87;2753;0
Сбербанк;1;01.09.2021;10:00:00;328,87;329,43;328,63;329,11;33575;0
Сбербанк;1;01.09.2021;10:01:00;329;329,2;328,9;329,17;17950;0
Сбербанк;1;01.09.2021;10:02:00;329,06;329,29;329;329,22;11460;0
Сбербанк;1;01.09.2021;10:03:00;329,28;329,37;329,05;329,05;10294;0
Сбербанк;1;01.09.2021;10:04:00;329,05;329,25;328,92;329,04;8514;0
Сбербанк;1;01.09.2021;10:05:00;329,06;329,13;329;329,03;1984;0
Сбербанк;1;01.09.2021;10:06:00;329,04;329,16;328,83;328,86;3602;0
Сбербанк;1;01.09.2021;10:07:00;328,88;329;328,83;328,95;4363;0
Сбербанк;1;01.09.2021;10:08:00;328,95;329,49;328,95;329,48;32203;0
Сбербанк;1;01.09.2021;10:09:00;329,48;329,68;329,48;329,67;10691;0
Сбербанк;1;01.09.2021;10:10:00;329,68;329,87;329,66;329,82;12853;0
Сбербанк;1;01.09.2021;10:11:00;329,71;329,87;329,71;329,84;5943;0
Сбербанк;1;01.09.2021;10:12:00;329,74;329,85;329,58;329,64;3502;0
Сбербанк;1;01.09.2021;10:13:00;329,64;329,71;329,55;329,65;5690;0
Сбербанк;1;01.09.2021;10:14:00;329,6;329,84;329,57;329,65;21178;0
Сбербанк;1;01.09.2021;10:15:00;329,66;329,74;329,63;329,64;5590;0
Сбербанк;1;01.09.2021;10:16:00;329,69;329,73;329,23;329,29;8024;0
Сбербанк;1;01.09.2021;10:17:00;329,27;329,33;329,14;329,2;2811;0
Сбербанк;1;01.09.2021;10:18:00;329,14;329,61;329,06;329,46;5008;0
Сбербанк;1;01.09.2021;10:19:00;329,51;329,68;329,4;329,54;4011;0
Сбербанк;1;01.09.2021;10:20:00;329,55;329,64;329,55;329,58;541;0
Сбербанк;1;01.09.2021;10:21:00;329,58;329,91;329,58;329,85;33067;0
Сбербанк;1;01.09.2021;10:22:00;329,85;329,95;329,81;329,9;2548;0
Сбербанк;1;01.09.2021;10:23:00;329,9;329,91;329,57;329,59;3250;0
Сбербанк;1;01.09.2021;10:24:00;329,64;329,66;329,47;329,62;1301;0
Сбербанк;1;01.09.2021;10:25:00;329,63;329,67;329,5;329,6;1623;0
Сбербанк;1;01.09.2021;10:26:00;329,6;329,6;329,41;329,42;1321;0
Сбербанк;1;01.09.2021;10:27:00;329,47;329,51;329,41;329,45;336;0
Сбербанк;1;01.09.2021;10:28:00;329,45;329,6;329,43;329,6;981;0
Сбербанк;1;01.09.2021;10:29:00;329,6;329,66;329,45;329,56;963;0
Сбербанк;1;01.09.2021;10:30:00;329,59;329,85;329,59;329,73;4228;0
Сбербанк;1;01.09.2021;10:31:00;329,73;329,76;329,56;329,69;1057;0
Сбербанк;1;01.09.2021;10:32:00;329,67;329,71;329,61;329,62;428;0
Сбербанк;1;01.09.2021;10:33:00;329,6;329,66;329,5;329,66;469;0
Сбербанк;1;01.09.2021;10:34:00;329,66;329,72;329,41;329,52;1400;0
Сбербанк;1;01.09.2021;10:35:00;329,54;329,56;329,3;329,56;1630;0
Сбербанк;1;01.09.2021;10:36:00;329,57;329,79;329,54;329,79;842;0
Сбербанк;1;01.09.2021;10:37:00;329,79;329,9;329,76;329,83;17841;0
Сбербанк;1;01.09.2021;10:38:00;329,84;329,84;329,7;329,71;2685;0
Сбербанк;1;01.09.2021;10:39:00;329,71;329,8;329,61;329,8;992;0
Сбербанк;1;01.09.2021;10:40:00;329,8;329,8;329,77;329,79;469;0
Сбербанк;1;01.09.2021;10:41:00;329,77;329,79;329,71;329,78;1030;0
Сбербанк;1;01.09.2021;10:42:00;329,79;329,9;329,67;329,77;10237;0
Сбербанк;1;01.09.2021;10:43:00;329,77;329,8;329,67;329,79;115;0
Сбербанк;1;01.09.2021;10:44:00;329,79;329,79;329,56;329,59;214;0
Сбербанк;1;01.09.2021;10:45:00;329,59;329,63;329,46;329,53;2052;0
Сбербанк;1;01.09.2021;10:46:00;329,47;329,51;329,28;329,28;2193;0
Сбербанк;1;01.09.2021;10:47:00;329,28;329,52;329,21;329,48;16516;0
Сбербанк;1;01.09.2021;10:48:00;329,48;329,48;329,39;329,46;1187;0
Сбербанк;1;01.09.2021;10:49:00;329,48;329,48;329,32;329,43;911;0
Сбербанк;1;01.09.2021;10:50:00;329,43;329,62;329,39;329,58;2276;0
Сбербанк;1;01.09.2021;10:51:00;329,55;329,6;329,54;329,58;286;0
Сбербанк;1;01.09.2021;10:52:00;329,59;329,69;329,58;329,64;1477;0
Сбербанк;1;01.09.2021;10:53:00;329,66;329,66;329,62;329,64;345;0
Сбербанк;1;01.09.2021;10:54:00;329,65;329,66;329,6;329,63;1009;0
Сбербанк;1;01.09.2021;10:55:00;329,6;329,63;329,5;329,63;3426;0
Сбербанк;1;01.09.2021;10:56:00;329,62;329,63;329,5;329,61;4390;0
Сбербанк;1;01.09.2021;10:57:00;329,54;329,6;329,36;329,56;2559;0
Сбербанк;1;01.09.2021;10:58:00;329,56;329,56;329,33;329,41;555;0
Сбербанк;1;01.09.2021;10:59:00;329,41;329,6;329,41;329,41;3497;0
Сбербанк;1;01.09.2021;11:00:00;329,51;329,6;329,44;329,57;637;0
Сбербанк;1;01.09.2021;11:01:00;329,6;329,75;329,47;329,74;7987;0
Сбербанк;1;01.09.2021;11:02:00;329,75;329,75;329,62;329,62;1147;0
Сбербанк;1;01.09.2021;11:03:00;329,71;329,74;329,6;329,6;773;0
Сбербанк;1;01.09.2021;11:04:00;329,67;329,69;329,49;329,49;2846;0
Сбербанк;1;01.09.2021;11:05:00;329,49;329,49;329,34;329,43;1028;0
Сбербанк;1;01.09.2021;11:06:00;329,45;329,45;329,3;329,34;493;0
Сбербанк;1;01.09.2021;11:07:00;329,34;329,38;329,3;329,34;751;0
Сбербанк;1;01.09.2021;11:08:00;329,34;329,68;329,3;329,49;6754;0
Сбербанк;1;01.09.2021;11:09:00;329,39;329,47;329,24;329,36;5685;0
Сбербанк;1;01.09.2021;11:10:00;329,25;329,5;329,25;329,4;1488;0
Сбербанк;1;01.09.2021;11:11:00;329,49;329,5;329,34;329,34;863;0
Сбербанк;1;01.09.2021;11:12:00;329,37;329,38;329,26;329,26;442;0
Сбербанк;1;01.09.2021;11:13:00;329,25;329,3;329,14;329,14;1166;0
Сбербанк;1;01.09.2021;11:14:00;329,15;329,25;329;329,01;8247;0
Сбербанк;1;01.09.2021;11:15:00;329,1;329,12;329,01;329,03;257;0
Сбербанк;1;01.09.2021;11:16:00;329,03;329,05;328,74;328,79;12885;0
Сбербанк;1;01.09.2021;11:17:00;328,74;328,77;328,44;328,54;13674;0
Сбербанк;1;01.09.2021;11:18:00;328,45;328,78;328,4;328,62;9046;0
Сбербанк;1;01.09.2021;11:19:00;328,6;328,71;328,55;328,55;4023;0
Сбербанк;1;01.09.2021;11:20:00;328,57;328,67;328,52;328,62;2830;0
Сбербанк;1;01.09.2021;11:21:00;328,62;328,77;328,6;328,74;1435;0
Сбербанк;1;01.09.2021;11:22:00;328,68;328,77;328,67;328,68;387;0
Сбербанк;1;01.09.2021;11:23:00;328,75;328,77;328,58;328,67;6373;0
Сбербанк;1;01.09.2021;11:24:00;328,69;328,69;328,58;328,67;132;0
Сбербанк;1;01.09.2021;11:25:00;328,6;328,73;328,58;328,61;1094;0
Сбербанк;1;01.09.2021;11:26:00;328,73;328,86;328,65;328,77;455;0
Сбербанк;1;01.09.2021;11:27:00;328,75;328,85;328,73;328,85;907;0
Сбербанк;1;01.09.2021;11:28:00;328,88;328,92;328,79;328,82;493;0
Сбербанк;1;01.09.2021;11:29:00;328,9;328,91;328,8;328,9;1547;0
Сбербанк;1;01.09.2021;11:30:00;328,9;328,9;328,78;328,78;1547;0
Сбербанк;1;01.09.2021;11:31:00;328,78;328,87;328,78;328,78;1089;0
Сбербанк;1;01.09.2021;11:32:00;328,78;328,87;328,6;328,68;25567;0
Сбербанк;1;01.09.2021;11:33:00;328,68;328,76;328,58;328,76;2189;0
Сбербанк;1;01.09.2021;11:34:00;328,76;328,87;328,63;328,79;2035;0
Сбербанк;1;01.09.2021;11:35:00;328,79;328,97;328,79;328,97;1137;0
Сбербанк;1;01.09.2021;11:36:00;328,87;328,97;328,87;328,9;328;0
Сбербанк;1;01.09.2021;11:37:00;328,9;328,95;328,85;328,85;428;0
Сбербанк;1;01.09.2021;11:38:00;328,93;328,95;328,79;328,89;752;0
Сбербанк;1;01.09.2021;11:39:00;328,89;328,9;328,79;328,8;231;0
Сбербанк;1;01.09.2021;11:40:00;328,8;328,9;328,66;328,66;571;0
Сбербанк;1;01.09.2021;11:41:00;328,69;328,75;328,59;328,68;808;0
Сбербанк;1;01.09.2021;11:42:00;328,76;328,76;328,62;328,68;1426;0
Сбербанк;1;01.09.2021;11:43:00;328,68;328,72;328,58;328,58;2054;0
Сбербанк;1;01.09.2021;11:44:00;328,58;328,67;328,58;328,6;2366;0
Сбербанк;1;01.09.2021;11:45:00;328,65;328,65;328,58;328,58;610;0
Сбербанк;1;01.09.2021;11:46:00;328,58;328,68;328,58;328,68;1182;0
Сбербанк;1;01.09.2021;11:47:00;328,64;328,68;328,58;328,59;869;0
Сбербанк;1;01.09.2021;11:48:00;328,59;328,67;328,58;328,59;262;0
Сбербанк;1;01.09.2021;11:49:00;328,6;328,65;328,16;328,38;29585;0
Сбербанк;1;01.09.2021;11:50:00;328,38;328,38;328,3;328,35;908;0
Сбербанк;1;01.09.2021;11:51:00;328,35;328,35;328,23;328,31;2431;0
Сбербанк;1;01.09.2021;11:52:00;328,31;328,32;328,28;328,29;676;0
Сбербанк;1;01.09.2021;11:53:00;328,28;328,32;328,24;328,24;14570;0
Сбербанк;1;01.09.2021;11:54:00;328,31;328,32;328,21;328,26;2010;0
Сбербанк;1;01.09.2021;11:55:00;328,21;328,26;328,21;328,26;969;0
Сбербанк;1;01.09.2021;11:56:00;328,21;328,25;328,19;328,22;1190;0
Сбербанк;1;01.09.2021;11:57:00;328,21;328,29;328,16;328,21;955;0
Сбербанк;1;01.09.2021;11:58:00;328,21;328,38;328,2;328,38;3314;0
Сбербанк;1;01.09.2021;11:59:00;328,38;328,39;328,26;328,26;2286;0
Сбербанк;1;01.09.2021;12:00:00;328,25;328,27;328,12;328,12;2826;0
Сбербанк;1;01.09.2021;12:01:00;328,12;328,18;328,03;328,08;4497;0
Сбербанк;1;01.09.2021;12:02:00;328,11;328,35;328,08;328,3;859;0
Сбербанк;1;01.09.2021;12:03:00;328,31;328,39;328,3;328,39;892;0
Сбербанк;1;01.09.2021;12:04:00;328,36;328,39;328,31;328,39;1237;0
Сбербанк;1;01.09.2021;12:05:00;328,39;328,5;328,39;328,44;1844;0
Сбербанк;1;01.09.2021;12:06:00;328,5;328,51;328,44;328,44;2770;0
Сбербанк;1;01.09.2021;12:07:00;328,5;328,5;328,35;328,4;1048;0
Сбербанк;1;01.09.2021;12:08:00;328,41;328,45;328,41;328,45;400;0
Сбербанк;1;01.09.2021;12:09:00;328,45;328,57;328,44;328,51;4041;0
Сбербанк;1;01.09.2021;12:10:00;328,51;328,57;328,48;328,52;930;0
Сбербанк;1;01.09.2021;12:11:00;328,52;328,57;328,52;328,57;158;0
Сбербанк;1;01.09.2021;12:12:00;328,56;328,56;328,5;328,55;338;0
Сбербанк;1;01.09.2021;12:13:00;328,55;328,55;328,47;328,47;484;0
Сбербанк;1;01.09.2021;12:14:00;328,48;328,53;328,48;328,5;435;0
Сбербанк;1;01.09.2021;12:15:00;328,53;328,53;328,5;328,53;51;0
Сбербанк;1;01.09.2021;12:16:00;328,56;328,66;328,53;328,66;1037;0
Сбербанк;1;01.09.2021;12:17:00;328,66;328,7;328,61;328,67;1102;0
Сбербанк;1;01.09.2021;12:18:00;328,67;328,7;328,62;328,7;465;0
Сбербанк;1;01.09.2021;12:19:00;328,7;328,7;328,67;328,7;1169;0
Сбербанк;1;01.09.2021;12:20:00;328,7;328,7;328,61;328,69;1598;0
Сбербанк;1;01.09.2021;12:21:00;328,65;328,7;328,65;328,65;3203;0
Сбербанк;1;01.09.2021;12:22:00;328,65;328,7;328,65;328,69;632;0
Сбербанк;1;01.09.2021;12:23:00;328,69;328,7;328,52;328,63;2750;0
Сбербанк;1;01.09.2021;12:24:00;328,63;328,69;328,56;328,69;953;0
Сбербанк;1;01.09.2021;12:25:00;328,69;328,99;328,65;328,98;12793;0
Сбербанк;1;01.09.2021;12:26:00;328,98;328,99;328,93;328,95;15208;0
Сбербанк;1;01.09.2021;12:27:00;328,99;328,99;328,95;328,99;1740;0
Сбербанк;1;01.09.2021;12:28:00;328,99;328,99;328,95;328,99;207;0
Сбербанк;1;01.09.2021;12:29:00;328,96;329,02;328,95;329,02;3471;0
Сбербанк;1;01.09.2021;12:30:00;329,02;329,03;329,01;329,02;1171;0
Сбербанк;1;01.09.2021;12:31:00;329,02;329,4;329,02;329,25;13524;0
Сбербанк;1;01.09.2021;12:32:00;329,31;329,4;329,3;329,39;3267;0
Сбербанк;1;01.09.2021;12:33:00;329,35;329,4;329,29;329,37;629;0
Сбербанк;1;01.09.2021;12:34:00;329,31;329,47;329,29;329,47;2602;0
Сбербанк;1;01.09.2021;12:35:00;329,47;329,47;329,28;329,28;7648;0
Сбербанк;1;01.09.2021;12:36:00;329,28;329,34;329,27;329,27;1098;0
ВТБ ао;1;01.09.2021;09:59:00;0,052995;0,052995;0,052995;0,052995;13929;0
ВТБ ао;1;01.09.2021;10:00:00;0,05295;0,0531;0,052895;0,052985;73615;0
ВТБ ао;1;01.09.2021;10:01:00;0,05298;0,05298;0,05285;0,0529;23781;0
ВТБ ао;1;01.09.2021;10:02:00;0,0529;0,05292;0,052865;0,052905;9684;0
ВТБ ао;1;01.09.2021;10:03:00;0,052905;0,052905;0,052815;0,052865;5185;0
ВТБ ао;1;01.09.2021;10:04:00;0,052865;0,05287;0,052805;0,05284;15761;0
ВТБ ао;1;01.09.2021;10:05:00;0,05286;0,05286;0,05282;0,05283;4099;0
ВТБ ао;1;01.09.2021;10:06:00;0,05283;0,052895;0,05283;0,052865;10937;0
ВТБ ао;1;01.09.2021;10:07:00;0,052885;0,052895;0,052865;0,05289;1237;0
ВТБ ао;1;01.09.2021;10:08:00;0,052895;0,053;0,052895;0,052955;34585;0
ВТБ ао;1;01.09.2021;10:09:00;0,05293;0,053;0,05291;0,052925;18896;0
ВТБ ао;1;01.09.2021;10:10:00;0,052925;0,05295;0,05285;0,05288;30603;0
ВТБ ао;1;01.09.2021;10:11:00;0,052925;0,052945;0,052905;0,05294;22614;0
ВТБ ао;1;01.09.2021;10:12:00;0,05294;0,05294;0,05286;0,052895;5683;0
ВТБ ао;1;01.09.2021;10:13:00;0,0529;0,0529;0,05285;0,05287;2245;0
ВТБ ао;1;01.09.2021;10:14:00;0,05285;0,05293;0,052835;0,05291;14172;0
ВТБ ао;1;01.09.2021;10:15:00;0,05293;0,05294;0,05282;0,052855;20837;0
ВТБ ао;1;01.09.2021;10:16:00;0,05288;0,05288;0,052805;0,052825;10245;0
ВТБ ао;1;01.09.2021;10:17:00;0,05282;0,052825;0,052705;0,05272;16286;0
ВТБ ао;1;01.09.2021;10:18:00;0,052755;0,0528;0,0527;0,0528;18000;0
ВТБ ао;1;01.09.2021;10:19:00;0,0528;0,05284;0,052765;0,05283;4635;0
ВТБ ао;1;01.09.2021;10:20:00;0,052825;0,05285;0,05277;0,052795;5354;0
ВТБ ао;1;01.09.2021;10:21:00;0,052785;0,052875;0,052785;0,05284;8152;0
ВТБ ао;1;01.09.2021;10:22:00;0,052815;0,0529;0,052815;0,052885;6804;0
ВТБ ао;1;01.09.2021;10:23:00;0,052885;0,0529;0,05284;0,052845;10647;0
ВТБ ао;1;01.09.2021;10:24:00;0,05286;0,0529;0,052835;0,05289;13094;0
ВТБ ао;1;01.09.2021;10:25:00;0,052865;0,0529;0,052865;0,052895;1484;0
ВТБ ао;1;01.09.2021;10:26:00;0,05287;0,0529;0,05285;0,0529;4954;0
ВТБ ао;1;01.09.2021;10:27:00;0,0529;0,0529;0,052875;0,0529;6359;0
ВТБ ао;1;01.09.2021;10:28:00;0,0529;0,0529;0,052875;0,0529;4616;0
ВТБ ао;1;01.09.2021;10:29:00;0,0529;0,0529;0,05287;0,052895;12159;0
ВТБ ао;1;01.09.2021;10:30:00;0,052895;0,0529;0,052885;0,052895;40203;0
ВТБ ао;1;01.09.2021;10:31:00;0,052895;0,0529;0,052875;0,0529;28186;0
ВТБ ао;1;01.09.2021;10:32:00;0,052895;0,0529;0,052875;0,05288;4744;0
ВТБ ао;1;01.09.2021;10:33:00;0,052895;0,052895;0,05287;0,052885;3835;0
ВТБ ао;1;01.09.2021;10:34:00;0,05287;0,052885;0,05283;0,052875;15738;0
ВТБ ао;1;01.09.2021;10:35:00;0,05287;0,052875;0,05283;0,05285;2135;0
ВТБ ао;1;01.09.2021;10:36:00;0,05285;0,05288;0,05284;0,05284;9017;0
ВТБ ао;1;01.09.2021;10:37:00;0,05288;0,05288;0,05285;0,05285;523;0
ВТБ ао;1;01.09.2021;10:38:00;0,05285;0,052875;0,052845;0,052845;2661;0
ВТБ ао;1;01.09.2021;10:39:00;0,05285;0,05285;0,05284;0,052845;582;0
ВТБ ао;1;01.09.2021;10:40:00;0,05285;0,052875;0,052825;0,05285;4580;0
ВТБ ао;1;01.09.2021;10:41:00;0,052845;0,052845;0,0528;0,05283;18188;0
ВТБ ао;1;01.09.2021;10:42:00;0,05282;0,052835;0,05281;0,05281;347;0
ВТБ ао;1;01.09.2021;10:43:00;0,052825;0,052835;0,0528;0,052835;1921;0
ВТБ ао;1;01.09.2021;10:44:00;0,05284;0,05288;0,052835;0,052835;13055;0
ВТБ ао;1;01.09.2021;10:45:00;0,052845;0,052865;0,05281;0,052825;8165;0
ВТБ ао;1;01.09.2021;10:46:00;0,05281;0,05282;0,05278;0,0528;31513;0
ВТБ ао;1;01.09.2021;10:47:00;0,0528;0,0528;0,052705;0,052705;15559;0
ВТБ ао;1;01.09.2021;10:48:00;0,05273;0,05278;0,0527;0,05278;12804;0
ВТБ ао;1;01.09.2021;10:49:00;0,05278;0,052815;0,05276;0,05278;6060;0
ВТБ ао;1;01.09.2021;10:50:00;0,0528;0,05281;0,05278;0,052805;1541;0
ВТБ ао;1;01.09.2021;10:51:00;0,052805;0,05281;0,05277;0,05279;1160;0
ВТБ ао;1;01.09.2021;10:52:00;0,05279;0,0528;0,05277;0,052775;1892;0
ВТБ ао;1;01.09.2021;10:53:00;0,052775;0,05278;0,05273;0,05273;2622;0
ВТБ ао;1;01.09.2021;10:54:00;0,05274;0,052755;0,052725;0,05274;3536;0
ВТБ ао;1;01.09.2021;10:55:00;0,05275;0,05277;0,052725;0,052725;6996;0
ВТБ ао;1;01.09.2021;10:56:00;0,05274;0,052755;0,05273;0,05275;8750;0
ВТБ ао;1;01.09.2021;10:57:00;0,05275;0,0528;0,05275;0,0528;5425;0
ВТБ ао;1;01.09.2021;10:58:00;0,0528;0,0528;0,052755;0,05276;3697;0
ВТБ ао;1;01.09.2021;10:59:00;0,052785;0,0528;0,05276;0,05278;1202;0
ВТБ ао;1;01.09.2021;11:00:00;0,05278;0,05279;0,052725;0,052735;14809;0
ВТБ ао;1;01.09.2021;11:01:00;0,052725;0,052745;0,05271;0,05271;5300;0
ВТБ ао;1;01.09.2021;11:02:00;0,052715;0,052745;0,0527;0,052745;10449;0
ВТБ ао;1;01.09.2021;11:03:00;0,052725;0,05274;0,052705;0,052705;5199;0
ВТБ ао;1;01.09.2021;11:04:00;0,052705;0,05273;0,05269;0,0527;20553;0
ВТБ ао;1;01.09.2021;11:05:00;0,052705;0,052725;0,052655;0,052685;5991;0
ВТБ ао;1;01.09.2021;11:06:00;0,052705;0,052705;0,052645;0,052655;5582;0
ВТБ ао;1;01.09.2021;11:07:00;0,05265;0,05267;0,0526;0,05262;13167;0
ВТБ ао;1;01.09.2021;11:08:00;0,05264;0,052755;0,05262;0,05273;7474;0
ВТБ ао;1;01.09.2021;11:09:00;0,05273;0,052755;0,0527;0,052755;8780;0
ВТБ ао;1;01.09.2021;11:10:00;0,052745;0,05276;0,052715;0,052715;2547;0
ВТБ ао;1;01.09.2021;11:11:00;0,0527;0,052745;0,0527;0,052735;2464;0
ВТБ ао;1;01.09.2021;11:12:00;0,052735;0,052745;0,052715;0,052715;1406;0
ВТБ ао;1;01.09.2021;11:13:00;0,05271;0,05274;0,0527;0,0527;1380;0
ВТБ ао;1;01.09.2021;11:14:00;0,052735;0,052735;0,0527;0,0527;2153;0
ВТБ ао;1;01.09.2021;11:15:00;0,05272;0,052735;0,052685;0,052685;1327;0
ВТБ ао;1;01.09.2021;11:16:00;0,05271;0,05271;0,052665;0,052695;2868;0
ВТБ ао;1;01.09.2021;11:17:00;0,052695;0,052695;0,052625;0,052625;5379;0
ВТБ ао;1;01.09.2021;11:18:00;0,052625;0,05272;0,05257;0,052665;20835;0
ВТБ ао;1;01.09.2021;11:19:00;0,05266;0,05266;0,052635;0,052635;5425;0
ВТБ ао;1;01.09.2021;11:20:00;0,052635;0,052745;0,052635;0,052745;14521;0
ВТБ ао;1;01.09.2021;11:21:00;0,052745;0,05278;0,05273;0,052745;5727;0
ВТБ ао;1;01.09.2021;11:22:00;0,052765;0,052765;0,052725;0,05275;1390;0
ВТБ ао;1;01.09.2021;11:23:00;0,052745;0,052765;0,05274;0,052745;535;0
ВТБ ао;1;01.09.2021;11:24:00;0,052745;0,05276;0,05274;0,052755;1025;0
ВТБ ао;1;01.09.2021;11:25:00;0,052755;0,052755;0,052725;0,052755;2436;0
ВТБ ао;1;01.09.2021;11:26:00;0,05273;0,052795;0,05272;0,052725;9572;0
ВТБ ао;1;01.09.2021;11:27:00;0,05273;0,052745;0,05271;0,05271;7068;0
ВТБ ао;1;01.09.2021;11:28:00;0,052725;0,05275;0,05271;0,05274;1338;0
ВТБ ао;1;01.09.2021;11:29:00;0,05274;0,05275;0,052735;0,052745;391;0
ВТБ ао;1;01.09.2021;11:30:00;0,052745;0,052785;0,052685;0,05269;33346;0
ВТБ ао;1;01.09.2021;11:31:00;0,0527;0,05277;0,052675;0,05269;13242;0
ВТБ ао;1;01.09.2021;11:32:00;0,052685;0,05269;0,052675;0,052675;675;0
ВТБ ао;1;01.09.2021;11:33:00;0,052675;0,05268;0,052655;0,052665;1912;0
ВТБ ао;1;01.09.2021;11:34:00;0,05268;0,05274;0,052675;0,052705;10131;0
ВТБ ао;1;01.09.2021;11:35:00;0,052735;0,052735;0,05263;0,052675;3937;0
ВТБ ао;1;01.09.2021;11:36:00;0,052665;0,05277;0,052635;0,052655;15616;0
ВТБ ао;1;01.09.2021;11:37:00;0,05267;0,05268;0,05263;0,052645;2006;0
ВТБ ао;1;01.09.2021;11:38:00;0,052645;0,052645;0,05262;0,05264;6018;0
ВТБ ао;1;01.09.2021;11:39:00;0,05264;0,05265;0,05262;0,052645;1111;0
ВТБ ао;1;01.09.2021;11:40:00;0,05265;0,05265;0,05259;0,052595;19357;0
ВТБ ао;1;01.09.2021;11:41:00;0,052595;0,052595;0,05257;0,052595;3982;0
ВТБ ао;1;01.09.2021;11:42:00;0,0526;0,052615;0,05259;0,052595;2757;0
ВТБ ао;1;01.09.2021;11:43:00;0,052595;0,052605;0,052585;0,052605;435;0
ВТБ ао;1;01.09.2021;11:44:00;0,0526;0,0526;0,052585;0,052585;646;0
ВТБ ао;1;01.09.2021;11:45:00;0,052585;0,052615;0,05258;0,052615;2892;0
ВТБ ао;1;01.09.2021;11:46:00;0,0526;0,052725;0,052585;0,052685;50038;0
ВТБ ао;1;01.09.2021;11:47:00;0,05269;0,05275;0,05266;0,05266;11202;0
ВТБ ао;1;01.09.2021;11:48:00;0,052655;0,05267;0,052645;0,052655;897;0
ВТБ ао;1;01.09.2021;11:49:00;0,052655;0,05267;0,052635;0,052645;654;0
ВТБ ао;1;01.09.2021;11:50:00;0,052625;0,052645;0,052615;0,05262;739;0
ВТБ ао;1;01.09.2021;11:51:00;0,05262;0,052645;0,052615;0,052645;1822;0
ВТБ ао;1;01.09.2021;11:52:00;0,052645;0,052645;0,05262;0,05264;697;0
ВТБ ао;1;01.09.2021;11:53:00;0,05264;0,05264;0,05262;0,052635;926;0
ВТБ ао;1;01.09.2021;11:54:00;0,05262;0,05264;0,0526;0,052605;6011;0
ВТБ ао;1;01.09.2021;11:55:00;0,052605;0,05265;0,0526;0,05261;4053;0
ВТБ ао;1;01.09.2021;11:56:00;0,052605;0,05262;0,052555;0,052575;24674;0
ВТБ ао;1;01.09.2021;11:57:00;0,052575;0,052595;0,05251;0,05251;20361;0
ВТБ ао;1;01.09.2021;11:58:00;0,05252;0,05255;0,052495;0,05252;24569;0
ВТБ ао;1;01.09.2021;11:59:00;0,052525;0,05254;0,052505;0,05251;5357;0
ВТБ ао;1;01.09.2021;12:00:00;0,0525;0,05253;0,052455;0,052485;10946;0
ВТБ ао;1;01.09.2021;12:01:00;0,052485;0,05255;0,052485;0,05255;1839;0
ВТБ ао;1;01.09.2021;12:02:00;0,052555;0,05258;0,052555;0,05258;1532;0
ВТБ ао;1;01.09.2021;12:03:00;0,052575;0,052595;0,052555;0,05257;2562;0
ВТБ ао;1;01.09.2021;12:04:00;0,052555;0,05258;0,052545;0,052575;514;0
ВТБ ао;1;01.09.2021;12:05:00;0,05258;0,052595;0,05258;0,052595;879;0
ВТБ ао;1;01.09.2021;12:06:00;0,052585;0,05263;0,05257;0,05263;13897;0
ВТБ ао;1;01.09.2021;12:07:00;0,052625;0,052625;0,05258;0,052585;2908;0
ВТБ ао;1;01.09.2021;12:08:00;0,0526;0,05261;0,052585;0,05261;898;0
ВТБ ао;1;01.09.2021;12:09:00;0,05261;0,052625;0,0526;0,052625;1327;0
ВТБ ао;1;01.09.2021;12:10:00;0,052605;0,052635;0,05259;0,052605;2797;0
ВТБ ао;1;01.09.2021;12:11:00;0,052625;0,05264;0,05261;0,052615;1408;0
ВТБ ао;1;01.09.2021;12:12:00;0,05261;0,052645;0,05261;0,052645;87;0
ВТБ ао;1;01.09.2021;12:13:00;0,052645;0,052645;0,05261;0,052635;547;0
ВТБ ао;1;01.09.2021;12:14:00;0,052625;0,052645;0,05261;0,05263;3614;0
ВТБ ао;1;01.09.2021;12:15:00;0,052635;0,052645;0,052635;0,052635;142;0
ВТБ ао;1;01.09.2021;12:16:00;0,052645;0,05265;0,052635;0,05265;1846;0
ВТБ ао;1;01.09.2021;12:17:00;0,05265;0,05265;0,052645;0,05265;791;0
ВТБ ао;1;01.09.2021;12:18:00;0,05265;0,05277;0,05265;0,052675;47489;0
ВТБ ао;1;01.09.2021;12:19:00;0,052675;0,05269;0,052665;0,052685;234;0
ВТБ ао;1;01.09.2021;12:20:00;0,052685;0,05272;0,05268;0,05269;1419;0
ВТБ ао;1;01.09.2021;12:21:00;0,05269;0,05274;0,05269;0,052725;1162;0
ВТБ ао;1;01.09.2021;12:22:00;0,052695;0,05274;0,052685;0,052715;5569;0
ВТБ ао;1;01.09.2021;12:23:00;0,052715;0,052715;0,052675;0,052675;392;0
ВТБ ао;1;01.09.2021;12:24:00;0,05268;0,05269;0,05267;0,052675;395;0
ВТБ ао;1;01.09.2021;12:25:00;0,052665;0,052665;0,05262;0,052635;2640;0
ВТБ ао;1;01.09.2021;12:26:00;0,052645;0,052695;0,052635;0,05269;4669;0
ВТБ ао;1;01.09.2021;12:27:00;0,05269;0,052705;0,052665;0,05269;545;0
ВТБ ао;1;01.09.2021;12:28:00;0,052695;0,052695;0,052645;0,052645;2801;0
ВТБ ао;1;01.09.2021;12:29:00;0,052675;0,05268;0,052645;0,05268;717;0
ВТБ ао;1;01.09.2021;12:30:00;0,052645;0,05267;0,052645;0,052655;739;0
ВТБ ао;1;01.09.2021;12:31:00;0,05267;0,0527;0,052655;0,052665;1000;0
ВТБ ао;1;01.09.2021;12:32:00;0,0527;0,0527;0,05267;0,05267;2190;0
ВТБ ао;1;01.09.2021;12:33:00;0,0527;0,0527;0,05267;0,0527;27;0
ВТБ ао;1;01.09.2021;12:34:00;0,052675;0,0527;0,05267;0,052695;648;0
ВТБ ао;1;01.09.2021;12:35:00;0,05267;0,0527;0,05267;0,05267;1239;0
ВТБ ао;1;01.09.2021;12:36:00;0,05267;0,05268;0,052655;0,052675;706;0
